
COPY rozklady FROM STDIN DELIMITER '|';
1|1|3
2|1|2
3|1|0
4|2|0
5|2|1
6|3|4
7|3|1
8|3|3
9|3|5
10|3|2
11|4|6
12|4|4
13|5|1
14|6|1
15|6|0
16|7|2
17|7|6
18|7|1
19|8|5
20|8|4
21|8|6
22|8|2
23|8|3
24|8|1
25|9|4
26|10|4
27|10|5
28|10|0
29|10|1
30|11|5
31|11|0
32|12|5
33|12|3
34|12|0
35|12|2
36|13|4
37|13|3
38|13|5
39|13|0
40|13|2
41|13|1
42|13|6
43|14|5
44|14|4
45|14|3
46|14|6
47|15|5
48|15|1
49|15|0
50|15|6
51|15|3
52|15|2
53|15|4
54|16|1
55|16|5
56|16|4
57|16|0
58|16|6
59|16|3
60|17|3
61|17|2
62|17|4
63|17|0
64|18|5
65|18|6
66|18|4
67|19|6
68|20|0
69|20|5
70|21|2
71|21|0
72|22|0
73|22|6
74|22|2
75|22|4
76|22|5
77|22|3
78|22|1
79|23|0
80|24|5
81|24|4
82|24|0
83|25|2
84|25|3
85|25|1
86|25|5
87|26|4
88|26|2
89|26|1
90|27|2
91|27|6
92|27|4
93|28|0
94|28|4
95|28|3
96|28|2
97|28|5
98|28|6
99|29|4
100|30|2
101|31|3
102|31|4
103|31|0
104|31|6
105|32|6
106|32|1
107|32|3
108|32|4
109|32|2
110|33|5
111|33|1
112|33|4
113|34|6
114|34|5
115|34|1
116|35|0
117|35|3
118|35|2
119|35|1
120|35|5
121|35|4
122|36|0
123|36|5
124|36|4
125|36|1
126|36|2
127|36|3
128|36|6
129|37|1
130|37|5
131|37|2
132|37|4
133|37|6
134|37|3
135|37|0
136|38|6
137|38|1
138|38|2
139|39|6
140|39|1
141|39|0
142|39|3
143|39|5
144|40|3
145|40|2
146|40|6
147|41|0
148|41|5
149|41|6
150|41|4
151|41|2
152|41|3
153|42|1
154|42|5
155|42|0
156|42|4
157|42|2
158|42|3
159|42|6
160|43|5
161|44|6
162|44|1
163|44|4
164|45|2
165|45|4
166|46|1
167|46|0
168|47|3
169|47|5
170|47|1
171|47|6
172|47|2
173|48|5
174|48|1
175|48|6
176|48|0
177|48|3
178|48|4
179|48|2
180|49|0
181|49|1
182|49|2
183|49|4
184|50|5
185|51|6
186|51|2
187|52|2
188|53|5
189|53|3
190|53|6
191|54|0
192|55|0
193|55|3
194|55|6
195|55|2
196|55|4
197|55|5
198|56|6
199|56|5
200|56|0
201|56|4
202|56|1
203|57|1
204|57|4
205|57|6
206|58|4
207|58|1
208|58|3
209|58|6
210|58|5
211|58|2
212|58|0
213|59|2
214|59|6
215|59|0
216|59|1
217|60|4
218|60|3
219|60|0
220|60|5
221|60|2
222|61|4
223|61|0
224|61|1
225|61|6
226|61|2
227|61|5
228|61|3
229|62|2
230|62|3
231|62|0
232|63|3
233|63|0
234|63|2
235|63|1
236|63|6
237|63|5
238|64|0
239|64|6
240|65|6
241|65|2
242|65|1
243|65|3
244|65|5
245|65|4
246|65|0
247|66|5
248|67|2
249|68|2
250|68|0
251|68|4
252|68|6
253|68|5
254|68|3
255|69|5
256|69|3
257|69|6
258|69|1
259|69|2
260|70|5
261|70|2
262|70|1
263|70|3
264|70|0
265|71|3
266|71|6
267|71|4
268|72|2
269|72|4
270|72|3
271|73|0
272|73|2
273|73|6
274|73|4
275|73|3
276|73|5
277|73|1
278|74|5
279|74|0
280|74|3
281|74|6
282|74|1
283|75|1
284|75|0
285|76|6
286|76|2
287|76|4
288|76|1
289|77|4
290|77|1
291|78|5
292|79|1
293|79|0
294|80|6
295|81|6
296|81|5
297|82|0
298|82|2
299|82|5
300|82|6
301|82|4
302|82|1
303|82|3
304|83|4
305|83|2
306|84|2
307|85|3
308|85|2
309|86|4
310|86|0
311|86|5
312|87|3
313|87|0
314|87|1
315|87|4
316|87|5
317|87|6
318|88|6
319|88|1
320|88|4
321|88|3
322|88|2
323|88|5
324|89|4
325|89|5
326|89|0
327|89|1
328|89|2
329|89|3
330|89|6
331|90|2
332|90|5
333|90|3
334|91|2
335|92|5
336|92|6
337|92|0
338|92|4
339|92|1
340|93|1
341|93|2
342|93|4
343|93|6
344|94|5
345|95|1
346|95|0
347|95|5
348|95|4
349|95|3
350|96|1
351|96|5
352|96|3
353|96|0
354|96|4
355|97|0
356|97|1
357|97|3
358|97|6
359|97|5
360|97|2
361|97|4
362|98|2
363|98|1
364|98|3
365|98|5
366|98|0
367|98|4
368|99|6
369|99|4
370|100|1
371|100|6
372|100|3
373|100|0
374|100|5
375|100|4
376|100|2
377|101|3
378|101|4
379|101|0
380|101|5
381|101|6
382|101|2
383|101|1
384|102|5
385|102|3
386|103|0
387|103|3
388|103|2
389|104|5
390|104|1
391|104|4
392|105|0
393|106|1
394|106|3
395|106|0
396|106|6
397|106|4
398|107|1
399|107|6
400|107|5
401|108|2
402|109|5
403|109|6
404|109|3
405|110|1
406|110|5
407|110|4
408|110|2
409|110|0
410|110|6
411|110|3
412|111|4
413|111|6
414|111|0
415|111|5
416|111|1
417|111|2
418|112|5
419|112|6
420|112|3
421|112|1
422|113|4
423|113|5
424|113|1
425|113|6
426|113|0
427|113|2
428|114|4
429|114|3
430|114|1
431|115|4
432|115|3
433|115|0
434|115|1
435|115|2
436|115|6
437|115|5
438|116|2
439|116|3
440|116|6
441|116|1
442|116|0
443|116|4
444|116|5
445|117|1
446|117|0
447|118|6
448|118|3
449|118|1
450|118|0
451|118|4
452|118|2
453|118|5
454|119|1
455|119|0
456|119|4
457|119|5
458|119|2
459|119|3
460|120|6
461|120|5
462|120|2
463|120|3
464|120|1
465|120|0
466|120|4
467|121|1
468|121|2
469|121|5
470|121|6
471|122|5
472|122|6
473|122|4
474|122|2
475|123|1
476|123|2
477|123|5
478|124|5
479|124|2
480|124|4
481|125|0
482|125|5
483|125|1
484|125|3
485|126|4
486|126|0
487|126|3
488|126|6
489|126|2
490|126|5
491|126|1
492|127|2
493|128|3
494|129|0
495|129|1
496|129|4
497|129|2
498|129|3
499|129|6
500|129|5
501|130|1
502|130|2
503|130|4
504|130|0
505|131|3
506|131|0
507|131|1
508|131|5
509|132|1
510|132|5
511|132|0
512|132|4
513|132|3
514|132|6
515|133|0
516|133|3
517|134|1
518|134|6
519|135|6
520|135|2
521|135|3
522|135|1
523|135|4
524|135|0
525|135|5
526|136|0
527|136|6
528|136|2
529|136|3
530|136|5
531|137|6
532|137|4
533|138|5
534|138|2
535|138|6
536|138|3
537|138|4
538|139|6
539|139|0
540|139|1
541|140|0
542|140|5
543|141|2
544|141|0
545|141|6
546|141|1
547|141|3
548|141|4
549|142|2
550|143|4
551|143|2
552|143|3
553|144|0
554|144|6
555|144|5
556|144|3
557|144|1
558|144|2
559|144|4
560|145|6
561|146|2
562|146|5
563|146|6
564|146|3
565|146|4
566|146|1
567|147|2
568|147|0
569|147|3
570|147|1
571|147|5
572|148|3
573|148|2
574|148|5
575|148|1
576|149|6
577|149|2
578|149|5
579|150|4
580|150|0
581|150|2
582|150|5
583|150|1
584|150|3
585|151|0
586|151|5
587|151|4
588|152|3
589|152|2
590|152|0
591|152|1
592|152|6
593|152|5
594|153|3
595|153|6
596|153|2
597|153|4
598|153|1
599|153|5
600|154|0
601|154|2
602|154|5
603|154|6
604|154|1
605|155|4
606|155|2
607|155|1
608|155|3
609|155|0
610|155|6
611|155|5
612|156|0
613|156|1
614|156|6
615|156|3
616|156|4
617|156|2
618|156|5
619|157|5
620|157|3
621|157|0
622|157|4
623|157|6
624|158|4
625|159|1
626|159|0
627|160|0
628|160|2
629|160|5
630|160|6
631|160|4
632|160|3
633|160|1
634|161|4
635|161|3
636|162|1
637|162|3
638|162|0
639|162|4
640|162|6
641|162|2
642|163|1
643|163|0
644|163|6
645|163|5
646|163|4
647|164|5
648|164|2
649|164|1
650|164|0
651|165|6
652|165|4
653|165|3
654|165|5
655|165|2
656|165|1
657|165|0
658|166|1
659|166|4
660|166|3
661|166|0
662|166|2
663|166|6
664|167|3
665|167|5
666|167|1
667|167|0
668|167|4
669|168|2
670|168|5
671|168|6
672|168|1
673|168|3
674|168|4
675|169|1
676|169|5
677|169|2
678|169|0
679|169|3
680|170|0
681|170|4
682|170|5
683|170|6
684|171|3
685|171|4
686|171|1
687|171|5
688|172|0
689|172|4
690|172|5
691|172|3
692|172|6
693|172|2
694|173|5
695|173|2
696|173|6
697|173|0
698|173|4
699|173|3
700|174|1
701|175|3
702|175|0
703|175|4
704|175|6
705|175|1
706|175|2
707|175|5
708|176|4
709|177|3
710|177|4
711|178|5
712|178|1
713|178|4
714|178|3
715|178|2
716|178|0
717|179|5
718|179|6
719|179|1
720|180|2
721|180|6
722|180|3
\.

