
COPY odcinki FROM STDIN DELIMITER '|';
0|0|1
1|1|2
2|2|3
3|3|4
4|4|5
5|5|6
6|6|5
7|5|4
8|4|3
9|3|2
10|2|1
11|1|0
12|7|8
13|8|9
14|9|10
15|10|9
16|9|8
17|8|7
18|7|11
19|11|12
20|12|13
21|13|5
22|5|13
23|13|12
24|12|11
25|11|7
26|5|14
27|14|15
28|15|16
29|16|17
30|17|18
31|18|19
32|19|20
33|20|21
34|21|22
35|22|21
36|21|20
37|20|19
38|19|18
39|18|17
40|17|16
41|16|15
42|15|14
43|14|5
44|12|23
45|23|24
46|24|25
47|25|26
48|26|27
49|27|26
50|26|25
51|25|24
52|24|23
53|23|12
54|16|28
55|28|29
56|29|30
57|30|31
58|31|32
59|32|33
60|33|34
61|34|35
62|35|36
63|36|37
64|37|38
65|38|39
66|39|40
67|40|41
68|41|40
69|40|39
70|39|38
71|38|37
72|37|36
73|36|35
74|35|34
75|34|33
76|33|32
77|32|31
78|31|30
79|30|29
80|29|28
81|28|16
82|2|42
83|42|43
84|43|44
85|44|45
86|45|46
87|46|47
88|47|48
89|48|49
90|49|50
91|50|49
92|49|48
93|48|47
94|47|46
95|46|45
96|45|44
97|44|43
98|43|42
99|42|2
100|6|51
101|51|52
102|52|53
103|53|54
104|54|55
105|55|56
106|56|57
107|57|58
108|58|59
109|59|60
110|60|61
111|61|60
112|60|59
113|59|58
114|58|57
115|57|56
116|56|55
117|55|54
118|54|53
119|53|52
120|52|51
121|51|6
122|51|62
123|62|63
124|63|64
125|64|65
126|65|66
127|66|67
128|67|66
129|66|65
130|65|64
131|64|63
132|63|62
133|62|51
134|68|22
135|22|68
136|69|70
137|70|71
138|71|72
139|72|73
140|73|74
141|74|73
142|73|72
143|72|71
144|71|70
145|70|69
146|7|27
147|27|7
148|75|76
149|76|77
150|77|78
151|78|50
152|50|78
153|78|77
154|77|76
155|76|75
156|79|80
157|80|22
158|22|80
159|80|79
160|22|81
161|81|82
162|82|83
163|83|84
164|84|85
165|85|86
166|86|87
167|87|88
168|88|69
169|69|88
170|88|87
171|87|86
172|86|85
173|85|84
174|84|83
175|83|82
176|82|81
177|81|22
178|27|89
179|89|90
180|90|91
181|91|92
182|92|91
183|91|90
184|90|89
185|89|27
186|61|93
187|93|94
188|94|95
189|95|96
190|96|95
191|95|94
192|94|93
193|93|61
194|97|98
195|98|99
196|99|11
197|11|99
198|99|98
199|98|97
200|27|100
201|100|101
202|101|102
203|102|47
204|47|102
205|102|101
206|101|100
207|100|27
208|79|103
209|103|104
210|104|105
211|105|106
212|106|50
213|50|106
214|106|105
215|105|104
216|104|103
217|103|79
218|10|107
219|107|108
220|108|109
221|109|110
222|110|111
223|111|112
224|112|113
225|113|114
226|114|115
227|115|116
228|116|117
229|117|118
230|118|119
231|119|67
232|67|119
233|119|118
234|118|117
235|117|116
236|116|115
237|115|114
238|114|113
239|113|112
240|112|111
241|111|110
242|110|109
243|109|108
244|108|107
245|107|10
246|51|120
247|120|121
248|121|122
249|122|123
250|123|124
251|124|125
252|125|126
253|126|127
254|127|126
255|126|125
256|125|124
257|124|123
258|123|122
259|122|121
260|121|120
261|120|51
262|75|128
263|128|129
264|129|130
265|130|131
266|131|132
267|132|133
268|133|132
269|132|131
270|131|130
271|130|129
272|129|128
273|128|75
274|96|134
275|134|135
276|135|136
277|136|137
278|137|136
279|136|135
280|135|134
281|134|96
282|138|139
283|139|140
284|140|141
285|141|142
286|142|143
287|143|144
288|144|50
289|50|144
290|144|143
291|143|142
292|142|141
293|141|140
294|140|139
295|139|138
296|145|146
297|146|147
298|147|148
299|148|149
300|149|150
301|150|151
302|151|152
303|152|153
304|153|154
305|154|155
306|155|156
307|156|157
308|157|158
309|158|159
310|159|160
311|160|161
312|161|162
313|162|163
314|163|22
315|22|163
316|163|162
317|162|161
318|161|160
319|160|159
320|159|158
321|158|157
322|157|156
323|156|155
324|155|154
325|154|153
326|153|152
327|152|151
328|151|150
329|150|149
330|149|148
331|148|147
332|147|146
333|146|145
334|164|40
335|40|165
336|165|166
337|166|167
338|167|168
339|168|169
340|169|70
341|70|169
342|169|168
343|168|167
344|167|166
345|166|165
346|165|40
347|40|164
348|22|170
349|170|171
350|171|172
351|172|37
352|37|172
353|172|171
354|171|170
355|170|22
356|173|174
357|174|175
358|175|176
359|176|177
360|177|178
361|178|179
362|179|180
363|180|181
364|181|182
365|182|183
366|183|184
367|184|185
368|185|50
369|50|185
370|185|184
371|184|183
372|183|182
373|182|181
374|181|180
375|180|179
376|179|178
377|178|177
378|177|176
379|176|175
380|175|174
381|174|173
382|101|46
383|46|186
384|186|187
385|187|188
386|188|189
387|189|190
388|190|145
389|145|149
390|149|152
391|152|157
392|157|22
393|22|157
394|157|152
395|152|149
396|149|145
397|145|190
398|190|189
399|189|188
400|188|187
401|187|186
402|186|46
403|46|101
404|27|191
405|191|24
406|23|192
407|192|44
408|44|192
409|192|23
410|24|191
411|191|27
412|107|110
413|111|193
414|193|194
415|194|195
416|195|196
417|196|195
418|195|194
419|194|193
420|193|111
421|110|107
422|97|197
423|197|23
424|23|197
425|197|97
426|198|59
427|59|198
\.

