
COPY rozklady FROM STDIN DELIMITER '|';
1|1|6
2|1|5
3|1|2
4|1|3
5|1|1
6|1|0
7|2|6
8|2|0
9|3|5
10|3|1
11|4|0
12|5|3
13|5|5
14|6|5
15|6|2
16|6|4
17|6|1
18|6|6
19|6|3
20|6|0
21|7|0
22|7|2
23|8|4
24|8|1
25|8|5
26|8|6
27|8|2
28|8|3
29|8|0
30|9|5
31|9|2
32|9|6
33|9|3
34|9|0
35|10|3
36|10|6
37|10|0
38|11|1
39|11|6
40|11|3
41|12|3
42|12|2
43|12|4
44|12|1
45|12|5
46|13|3
47|14|2
48|14|1
49|14|6
50|14|4
51|14|5
52|14|0
53|14|3
54|15|6
55|15|1
56|15|2
57|16|5
58|16|3
59|16|6
60|17|3
61|17|1
62|17|0
63|18|5
64|18|6
65|18|1
66|18|0
67|18|2
68|18|3
69|18|4
70|19|1
71|19|2
72|20|3
73|20|2
74|20|5
75|20|6
76|20|1
77|21|0
78|21|3
79|21|6
80|21|1
81|21|2
82|21|5
83|21|4
84|22|1
85|23|0
86|24|5
87|24|6
88|24|3
89|24|4
90|24|0
91|24|1
92|24|2
93|25|2
94|25|5
95|26|2
96|26|5
97|26|6
98|26|0
99|26|3
100|26|1
101|27|2
102|28|0
103|28|4
104|28|3
105|28|1
106|28|6
107|29|2
108|29|1
109|29|3
110|30|2
111|30|0
112|30|3
113|30|4
114|30|1
115|30|6
116|31|3
117|31|4
118|31|0
119|32|0
120|32|4
121|32|1
122|32|3
123|32|5
124|32|6
125|32|2
126|33|5
127|34|0
128|34|3
129|34|1
130|34|5
131|34|2
132|34|6
133|35|5
134|35|6
135|35|1
136|35|2
137|35|0
138|35|3
139|36|5
140|36|6
141|36|4
142|37|0
143|37|1
144|37|5
145|37|3
146|37|6
147|38|6
148|38|0
149|38|2
150|39|2
151|39|4
152|40|3
153|40|5
154|40|1
155|40|6
156|40|4
157|41|0
158|41|4
159|41|5
160|41|3
161|41|6
162|41|1
163|41|2
164|42|5
165|43|0
166|43|6
167|43|5
168|43|2
169|43|1
170|44|1
171|44|3
172|45|4
173|45|0
174|45|2
175|45|3
176|45|5
177|45|1
178|45|6
179|46|6
180|46|3
181|46|1
182|46|4
183|46|0
184|46|5
185|46|2
186|47|3
187|47|0
188|47|4
189|47|1
190|48|6
191|48|2
192|48|1
193|48|3
194|48|0
195|48|5
196|48|4
197|49|2
198|49|3
199|50|1
200|50|3
201|50|5
202|50|2
203|50|4
204|51|4
205|51|2
206|52|5
207|52|0
208|52|2
209|53|1
210|53|5
211|54|5
212|54|2
213|54|4
214|54|0
215|55|0
216|55|2
217|56|1
218|56|5
219|56|4
220|56|3
221|56|0
222|56|2
223|56|6
224|57|2
225|57|0
226|57|5
227|57|3
228|57|4
229|57|1
230|57|6
231|58|6
232|58|3
233|58|2
234|58|5
235|59|2
236|59|5
237|59|3
238|59|1
239|59|4
240|60|5
241|60|2
242|60|6
243|60|3
244|60|0
245|60|1
246|61|5
247|61|0
248|61|3
249|61|4
250|61|6
251|62|3
252|62|4
253|62|2
254|62|1
255|62|6
256|62|0
257|62|5
258|63|4
259|63|2
260|63|3
261|63|5
262|63|0
263|63|6
264|63|1
265|64|0
266|64|3
267|64|2
268|64|5
269|65|5
270|65|2
271|65|1
272|65|4
273|65|3
274|65|0
275|65|6
276|66|5
277|67|0
278|67|2
279|68|6
280|69|6
281|69|3
282|69|5
283|69|0
284|69|1
285|70|5
286|70|0
287|70|2
288|71|6
289|71|1
290|71|0
291|71|3
292|71|5
293|72|3
294|72|4
295|72|0
296|72|6
297|72|2
298|72|1
299|73|5
300|73|6
301|73|0
302|74|1
303|74|6
304|74|5
305|74|4
306|74|0
307|74|3
308|74|2
309|75|0
310|75|4
311|75|5
312|75|3
313|75|1
314|75|2
315|75|6
316|76|2
317|76|3
318|76|6
319|76|0
320|77|0
321|77|3
322|77|5
323|77|2
324|77|1
325|77|4
326|77|6
327|78|6
328|78|2
329|78|5
330|79|2
331|79|6
332|79|1
333|80|3
334|81|3
335|81|4
336|82|2
337|82|6
338|82|4
339|82|5
340|82|1
341|83|0
342|84|3
343|84|4
344|84|1
345|85|3
346|85|6
347|85|1
348|85|5
349|86|1
350|86|3
351|86|0
352|86|2
353|86|6
354|86|4
355|87|0
356|87|2
357|87|1
358|88|3
359|88|2
360|88|4
361|88|0
362|88|5
363|88|6
364|88|1
365|89|6
366|89|5
367|90|0
368|90|2
369|90|3
370|90|6
371|90|5
372|91|6
373|91|1
374|92|5
375|92|1
376|92|3
377|92|2
378|92|0
379|92|6
380|92|4
381|93|4
382|93|6
383|93|5
384|93|3
385|93|0
386|93|1
387|94|6
388|95|3
389|95|1
390|95|2
391|95|0
392|96|3
393|96|2
394|96|5
395|96|4
396|96|1
397|96|6
398|96|0
399|97|3
400|98|6
401|98|2
402|98|3
403|98|4
404|98|1
405|99|0
406|99|3
407|99|1
408|99|5
409|99|6
410|100|1
411|100|6
412|100|3
413|101|4
414|101|6
415|101|0
416|102|4
417|102|1
418|103|4
419|103|6
420|103|2
421|103|3
422|103|0
423|103|5
424|104|3
425|105|1
426|105|0
427|105|3
428|105|2
429|105|6
430|105|5
431|105|4
432|106|4
433|106|3
434|106|6
435|106|0
436|107|1
437|107|6
438|108|4
439|108|6
440|108|0
441|109|1
442|109|3
443|109|4
444|110|2
445|110|0
446|110|6
447|110|3
448|110|1
449|110|4
450|110|5
451|111|3
452|112|2
453|112|5
454|113|3
455|114|4
456|114|2
457|115|6
458|115|4
459|115|2
460|115|5
461|115|3
462|115|1
463|116|2
464|116|6
465|116|3
466|117|3
467|117|0
468|118|2
469|118|1
470|119|5
471|119|4
472|119|1
473|120|4
474|120|1
475|120|5
476|121|6
477|121|4
478|122|2
479|122|6
480|122|3
481|122|5
482|122|4
483|123|3
484|123|6
485|123|1
486|123|4
487|123|5
488|124|3
489|125|0
490|126|5
491|126|0
492|126|6
493|127|2
494|127|5
495|127|0
496|127|1
497|127|4
498|127|3
499|128|0
500|129|2
501|130|5
502|130|2
503|130|3
504|130|6
505|131|3
506|131|0
507|132|4
508|132|2
509|132|3
510|132|1
511|133|2
512|133|4
513|133|3
514|133|5
515|133|0
516|133|6
517|133|1
518|134|5
519|134|1
520|134|0
521|134|3
522|134|6
523|134|2
524|134|4
525|135|1
526|135|2
527|135|3
528|135|5
529|135|4
530|135|6
531|135|0
532|136|2
533|136|0
534|136|3
535|136|1
536|137|2
537|137|5
538|137|4
539|137|6
540|138|4
541|139|6
542|139|1
543|140|0
544|140|6
545|140|3
546|141|5
547|141|2
548|141|0
549|141|6
550|141|4
551|141|3
552|142|4
553|142|2
554|143|1
555|144|0
556|145|0
557|145|2
558|145|4
559|145|3
560|145|6
561|146|6
562|146|1
563|146|0
564|146|2
565|146|5
566|146|4
567|147|2
568|147|4
569|147|0
570|147|3
571|147|6
572|147|1
573|148|0
574|148|3
575|149|3
576|149|2
577|149|4
578|149|5
579|149|0
580|149|1
581|150|0
582|150|5
583|151|2
584|151|0
585|151|4
586|151|1
587|151|5
588|151|3
589|152|5
590|152|0
591|152|2
592|153|4
593|154|6
594|154|5
595|154|2
596|154|4
597|154|1
598|155|6
599|155|5
600|155|4
601|155|0
602|155|1
603|156|5
604|156|6
605|156|4
606|156|0
607|157|0
608|157|3
609|157|1
610|157|5
611|157|4
612|157|2
613|158|3
614|158|5
615|158|6
616|158|0
617|158|4
618|158|1
619|159|6
620|159|4
621|159|2
622|159|0
623|159|3
624|159|5
625|160|1
626|161|6
627|161|4
628|161|2
629|161|0
630|161|1
631|161|5
632|162|4
633|162|2
634|162|3
635|162|6
636|162|0
637|163|3
638|163|0
639|163|5
640|163|1
641|163|6
642|163|4
643|163|2
644|164|2
645|164|6
646|164|0
647|164|1
648|164|4
649|164|5
650|164|3
651|165|3
652|165|4
653|165|2
654|165|0
655|166|6
656|166|4
657|166|3
658|166|0
659|167|3
660|167|6
661|168|2
662|168|3
663|168|4
664|168|5
665|168|6
666|168|0
667|169|0
668|169|2
669|169|1
670|169|3
671|169|6
672|169|4
673|170|0
674|170|2
675|170|1
676|171|1
677|171|4
678|171|0
679|171|6
680|171|5
681|171|2
682|172|0
683|172|1
684|172|6
685|173|5
686|173|4
687|173|1
688|173|6
689|173|3
690|173|0
691|174|4
692|175|1
693|175|6
694|175|4
695|175|5
696|175|3
697|176|1
698|176|6
699|177|4
700|177|6
701|177|5
702|177|1
703|177|3
704|178|5
705|178|4
706|178|0
707|178|2
708|178|3
709|179|0
710|179|5
711|179|2
712|179|1
713|179|6
714|179|3
715|179|4
716|180|5
717|180|3
718|180|0
719|180|2
720|181|5
721|181|2
722|181|6
723|181|1
724|181|4
725|181|0
726|181|3
727|182|6
728|182|2
729|182|0
730|182|1
731|182|4
732|183|6
733|184|4
734|184|1
735|184|5
736|184|2
737|185|1
738|185|4
739|185|3
740|185|6
741|185|2
742|185|5
743|186|2
744|186|5
745|186|4
746|186|0
747|186|3
748|186|6
749|186|1
750|187|5
751|187|2
752|187|3
753|187|6
754|187|1
755|187|0
756|188|1
757|188|5
758|189|1
759|189|5
760|189|6
761|189|4
762|189|0
763|190|4
764|190|5
765|190|2
766|190|1
767|190|0
768|190|6
769|190|3
770|191|4
771|191|2
772|191|1
773|191|5
774|191|3
775|192|6
776|193|6
777|193|4
778|193|1
779|193|5
780|193|0
781|194|5
782|194|0
783|194|1
784|194|2
785|195|4
786|195|6
787|195|0
788|196|2
789|196|0
790|196|6
791|196|3
792|196|1
793|196|5
794|196|4
795|197|3
796|197|4
797|197|2
798|197|6
799|197|1
800|197|5
801|197|0
802|198|3
803|198|2
804|198|1
805|199|5
806|199|2
807|199|1
808|199|3
809|199|6
810|200|4
811|201|1
812|201|3
813|201|0
814|201|4
815|201|2
816|201|6
817|201|5
818|202|2
819|203|2
820|203|5
821|203|6
822|203|4
823|203|1
824|203|3
825|203|0
826|204|6
827|204|2
828|204|3
829|204|1
830|204|4
831|204|5
832|205|2
833|205|0
834|205|4
835|205|6
836|205|1
837|205|5
838|206|0
839|206|1
840|206|2
841|206|3
842|206|4
843|206|6
844|207|0
845|207|5
846|207|6
847|208|5
848|208|4
849|208|2
850|208|1
851|208|0
852|208|3
853|208|6
854|209|6
855|209|1
856|210|4
857|210|5
858|210|3
859|210|2
860|211|5
861|211|3
862|211|2
863|211|4
864|211|6
865|212|4
866|212|6
867|213|0
868|213|2
869|213|1
870|213|4
871|213|3
872|213|5
873|214|3
874|215|6
875|215|4
876|215|5
877|215|3
878|215|0
879|216|2
880|216|3
881|216|5
882|216|6
883|216|0
884|216|4
885|216|1
886|217|3
887|217|2
888|217|1
889|217|6
890|218|4
891|218|0
892|219|5
893|219|0
894|219|3
895|219|1
896|219|6
897|219|2
898|220|5
899|220|2
900|220|6
901|220|0
902|220|3
903|220|4
904|221|0
905|221|4
906|221|3
907|221|5
908|221|2
909|222|0
910|222|2
911|222|5
912|222|3
913|222|4
914|222|6
915|223|3
916|223|0
917|223|6
918|223|1
919|223|4
920|223|5
921|224|5
922|224|2
923|224|6
924|224|0
925|224|3
926|224|4
927|224|1
928|225|0
929|225|5
930|225|3
931|225|4
932|226|2
933|226|0
934|226|5
935|227|5
936|227|3
937|227|6
938|228|3
939|229|1
940|229|2
941|230|4
942|230|6
943|230|0
944|231|2
945|232|4
946|232|0
947|232|6
948|233|6
949|233|3
950|233|4
951|233|2
952|233|1
953|233|0
954|234|3
955|234|1
956|234|4
957|235|5
958|235|4
959|235|3
960|235|2
961|236|3
962|236|0
963|236|4
964|237|0
965|237|4
966|237|2
967|237|6
968|237|1
969|237|3
970|237|5
971|238|4
972|238|1
973|238|3
974|238|5
975|239|4
976|239|0
977|239|1
978|240|3
979|241|0
980|241|6
981|241|5
982|241|3
983|241|2
984|241|1
985|242|2
986|242|1
987|242|6
988|242|4
989|242|3
990|243|6
991|243|2
992|243|0
993|243|3
994|243|5
995|243|4
996|244|0
997|244|5
998|244|2
999|244|1
1000|244|4
1001|244|6
1002|245|5
1003|245|6
1004|246|6
1005|246|2
1006|246|1
1007|247|3
1008|247|4
1009|247|6
1010|247|2
1011|247|0
1012|247|5
1013|247|1
1014|248|4
1015|248|6
1016|248|3
1017|248|5
1018|249|3
1019|249|1
1020|249|2
1021|250|5
1022|250|6
1023|250|2
1024|250|4
1025|251|4
1026|251|1
1027|252|4
1028|252|0
1029|252|3
1030|252|6
1031|252|5
1032|252|2
1033|252|1
1034|253|4
1035|253|0
1036|253|2
1037|253|3
1038|253|1
1039|253|6
1040|253|5
1041|254|4
1042|254|6
1043|254|3
1044|254|5
1045|254|0
1046|254|2
1047|255|4
1048|255|5
1049|256|1
1050|256|5
1051|257|5
1052|258|4
1053|258|2
1054|258|3
1055|259|4
1056|259|5
1057|259|1
1058|259|2
1059|259|0
1060|260|3
1061|260|0
1062|260|6
1063|260|1
1064|260|2
1065|260|5
1066|261|4
1067|262|1
1068|262|6
1069|262|3
1070|262|5
1071|263|1
1072|263|5
1073|263|4
1074|264|3
1075|264|0
1076|264|2
1077|265|3
1078|265|2
1079|265|0
1080|265|1
1081|266|0
1082|267|5
1083|267|3
1084|267|2
1085|267|1
1086|268|2
1087|268|5
1088|268|3
\.

