
COPY sklady_wagony FROM STDIN DELIMITER '|';
1|12|4
1|15|2
2|12|4
2|15|2
2|1|1
2|4|1
3|12|4
3|15|2
3|4|2
4|8|1
4|13|6
4|14|1
4|15|1
5|8|1
5|13|6
5|14|1
5|15|1
5|1|1
5|4|1
6|8|1
6|13|6
6|14|1
6|15|1
6|4|2
7|12|6
7|14|3
8|12|6
8|14|3
8|1|1
8|3|1
9|12|6
9|14|3
9|3|2
10|7|1
10|13|5
10|14|2
10|15|1
11|7|1
11|13|5
11|14|2
11|15|1
11|1|1
11|3|1
12|7|1
12|13|5
12|14|2
12|15|1
12|4|2
13|8|1
13|13|6
13|14|3
13|15|1
14|8|1
14|13|6
14|14|3
14|15|1
14|1|1
14|4|1
15|8|1
15|13|6
15|14|3
15|15|1
15|3|2
16|12|6
17|12|6
17|1|1
17|4|1
18|12|6
18|4|2
19|8|1
19|12|3
19|14|2
19|15|2
20|8|1
20|12|3
20|14|2
20|15|2
20|1|1
20|4|1
21|8|1
21|12|3
21|14|2
21|15|2
21|3|2
22|9|1
22|13|3
22|14|1
23|9|1
23|13|3
23|14|1
23|1|1
23|3|1
24|9|1
24|13|3
24|14|1
24|3|2
25|12|3
25|14|1
25|15|1
26|12|3
26|14|1
26|15|1
26|1|1
26|3|1
27|12|3
27|14|1
27|15|1
27|3|2
28|12|5
28|14|3
29|12|5
29|14|3
29|1|1
29|3|1
30|12|5
30|14|3
30|3|2
31|8|1
31|12|3
31|14|2
32|8|1
32|12|3
32|14|2
32|1|1
32|4|1
33|8|1
33|12|3
33|14|2
33|4|2
34|8|1
34|13|4
34|14|2
34|15|1
35|8|1
35|13|4
35|14|2
35|15|1
35|1|1
35|3|1
36|8|1
36|13|4
36|14|2
36|15|1
36|4|2
37|7|1
37|13|3
37|14|3
38|7|1
38|13|3
38|14|3
38|1|1
38|4|1
39|7|1
39|13|3
39|14|3
39|3|2
40|8|1
40|12|6
40|14|1
40|15|2
41|8|1
41|12|6
41|14|1
41|15|2
41|1|1
41|4|1
42|8|1
42|12|6
42|14|1
42|15|2
42|4|2
43|8|1
43|13|6
43|14|1
44|8|1
44|13|6
44|14|1
44|1|1
44|4|1
45|8|1
45|13|6
45|14|1
45|4|2
46|13|5
46|14|1
46|15|2
47|13|5
47|14|1
47|15|2
47|1|1
47|4|1
48|13|5
48|14|1
48|15|2
48|3|2
49|12|5
49|14|3
49|15|2
50|12|5
50|14|3
50|15|2
50|1|1
50|3|1
51|12|5
51|14|3
51|15|2
51|3|2
52|13|4
52|14|1
52|15|1
53|13|4
53|14|1
53|15|1
53|1|1
53|3|1
54|13|4
54|14|1
54|15|1
54|3|2
55|8|1
55|12|5
55|14|2
56|8|1
56|12|5
56|14|2
56|1|1
56|4|1
57|8|1
57|12|5
57|14|2
57|4|2
58|9|1
58|13|5
58|14|2
58|15|2
59|9|1
59|13|5
59|14|2
59|15|2
59|1|1
59|4|1
60|9|1
60|13|5
60|14|2
60|15|2
60|4|2
61|8|1
61|12|4
61|14|1
61|15|1
62|8|1
62|12|4
62|14|1
62|15|1
62|1|1
62|4|1
63|8|1
63|12|4
63|14|1
63|15|1
63|3|2
64|8|1
64|13|5
64|14|2
64|15|2
65|8|1
65|13|5
65|14|2
65|15|2
65|1|1
65|3|1
66|8|1
66|13|5
66|14|2
66|15|2
66|4|2
67|7|1
67|13|4
67|14|1
67|15|2
68|7|1
68|13|4
68|14|1
68|15|2
68|1|1
68|4|1
69|7|1
69|13|4
69|14|1
69|15|2
69|3|2
70|9|1
70|13|4
70|14|1
70|15|2
71|9|1
71|13|4
71|14|1
71|15|2
71|1|1
71|4|1
72|9|1
72|13|4
72|14|1
72|15|2
72|4|2
73|13|4
73|14|1
73|15|2
74|13|4
74|14|1
74|15|2
74|1|1
74|3|1
75|13|4
75|14|1
75|15|2
75|3|2
76|12|5
76|14|1
76|15|1
77|12|5
77|14|1
77|15|1
77|1|1
77|3|1
78|12|5
78|14|1
78|15|1
78|3|2
79|7|1
79|13|5
79|14|2
79|15|2
80|7|1
80|13|5
80|14|2
80|15|2
80|1|1
80|3|1
81|7|1
81|13|5
81|14|2
81|15|2
81|3|2
82|13|6
82|14|1
82|15|2
83|13|6
83|14|1
83|15|2
83|1|1
83|3|1
84|13|6
84|14|1
84|15|2
84|4|2
85|7|1
85|13|3
85|14|1
86|7|1
86|13|3
86|14|1
86|1|1
86|4|1
87|7|1
87|13|3
87|14|1
87|3|2
88|13|3
88|14|3
89|13|3
89|14|3
89|1|1
89|3|1
90|13|3
90|14|3
90|4|2
91|7|1
91|12|5
91|14|2
91|15|1
92|7|1
92|12|5
92|14|2
92|15|1
92|1|1
92|4|1
93|7|1
93|12|5
93|14|2
93|15|1
93|3|2
94|12|5
94|14|2
95|12|5
95|14|2
95|1|1
95|4|1
96|12|5
96|14|2
96|4|2
97|13|4
97|14|2
98|13|4
98|14|2
98|1|1
98|3|1
99|13|4
99|14|2
99|4|2
100|12|5
101|12|5
101|1|1
101|3|1
102|12|5
102|4|2
103|12|5
103|14|1
104|12|5
104|14|1
104|1|1
104|3|1
105|12|5
105|14|1
105|3|2
106|13|3
106|15|1
107|13|3
107|15|1
107|1|1
107|3|1
108|13|3
108|15|1
108|3|2
109|12|3
109|14|1
110|12|3
110|14|1
110|1|1
110|4|1
111|12|3
111|14|1
111|3|2
112|13|3
112|14|1
112|15|2
113|13|3
113|14|1
113|15|2
113|1|1
113|4|1
114|13|3
114|14|1
114|15|2
114|4|2
115|8|1
115|13|3
115|14|1
115|15|1
116|8|1
116|13|3
116|14|1
116|15|1
116|1|1
116|3|1
117|8|1
117|13|3
117|14|1
117|15|1
117|3|2
118|8|1
118|12|6
118|14|1
118|15|1
119|8|1
119|12|6
119|14|1
119|15|1
119|1|1
119|3|1
120|8|1
120|12|6
120|14|1
120|15|1
120|4|2
121|12|5
121|14|3
121|15|1
122|12|5
122|14|3
122|15|1
122|1|1
122|4|1
123|12|5
123|14|3
123|15|1
123|3|2
124|13|5
124|14|1
125|13|5
125|14|1
125|1|1
125|3|1
126|13|5
126|14|1
126|4|2
127|13|5
127|14|1
127|15|1
128|13|5
128|14|1
128|15|1
128|1|1
128|4|1
129|13|5
129|14|1
129|15|1
129|3|2
130|9|1
130|12|4
130|15|2
131|9|1
131|12|4
131|15|2
131|1|1
131|4|1
132|9|1
132|12|4
132|15|2
132|4|2
133|13|5
133|15|2
134|13|5
134|15|2
134|1|1
134|3|1
135|13|5
135|15|2
135|4|2
136|12|6
136|15|1
137|12|6
137|15|1
137|1|1
137|3|1
138|12|6
138|15|1
138|4|2
139|12|5
139|15|2
140|12|5
140|15|2
140|1|1
140|4|1
141|12|5
141|15|2
141|4|2
142|12|6
142|15|2
143|12|6
143|15|2
143|1|1
143|4|1
144|12|6
144|15|2
144|4|2
145|7|1
145|13|4
145|14|2
145|15|2
146|7|1
146|13|4
146|14|2
146|15|2
146|1|1
146|3|1
147|7|1
147|13|4
147|14|2
147|15|2
147|3|2
148|8|1
148|13|5
148|14|3
148|15|1
149|8|1
149|13|5
149|14|3
149|15|1
149|1|1
149|3|1
150|8|1
150|13|5
150|14|3
150|15|1
150|4|2
151|16|6
151|19|1
151|20|1
152|16|6
152|19|1
152|20|1
152|2|1
152|6|1
153|16|6
153|19|1
153|20|1
153|5|2
154|17|5
154|18|1
154|21|1
155|17|5
155|18|1
155|21|1
155|2|1
155|6|1
156|17|5
156|18|1
156|21|1
156|6|2
157|10|1
157|16|5
157|21|1
158|10|1
158|16|5
158|21|1
158|2|1
158|5|1
159|10|1
159|16|5
159|21|1
159|6|2
160|10|1
160|17|6
161|10|1
161|17|6
161|2|1
161|6|1
162|10|1
162|17|6
162|5|2
163|16|6
163|19|2
163|20|1
163|21|1
164|16|6
164|19|2
164|20|1
164|21|1
164|2|1
164|6|1
165|16|6
165|19|2
165|20|1
165|21|1
165|6|2
166|17|3
166|18|1
166|20|1
167|17|3
167|18|1
167|20|1
167|2|1
167|6|1
168|17|3
168|18|1
168|20|1
168|5|2
169|16|4
169|18|1
169|21|1
170|16|4
170|18|1
170|21|1
170|2|1
170|5|1
171|16|4
171|18|1
171|21|1
171|6|2
172|17|6
172|19|1
172|20|1
172|21|2
173|17|6
173|19|1
173|20|1
173|21|2
173|2|1
173|6|1
174|17|6
174|19|1
174|20|1
174|21|2
174|5|2
175|17|4
175|20|1
175|21|1
176|17|4
176|20|1
176|21|1
176|2|1
176|5|1
177|17|4
177|20|1
177|21|1
177|5|2
178|10|1
178|16|3
178|18|1
178|20|1
178|21|2
179|10|1
179|16|3
179|18|1
179|20|1
179|21|2
179|2|1
179|6|1
180|10|1
180|16|3
180|18|1
180|20|1
180|21|2
180|6|2
181|10|1
181|16|3
181|18|2
181|21|2
182|10|1
182|16|3
182|18|2
182|21|2
182|2|1
182|6|1
183|10|1
183|16|3
183|18|2
183|21|2
183|6|2
184|17|6
185|17|6
185|2|1
185|5|1
186|17|6
186|5|2
187|10|1
187|17|4
187|19|2
187|21|1
188|10|1
188|17|4
188|19|2
188|21|1
188|2|1
188|5|1
189|10|1
189|17|4
189|19|2
189|21|1
189|5|2
190|16|4
190|18|1
190|20|1
191|16|4
191|18|1
191|20|1
191|2|1
191|5|1
192|16|4
192|18|1
192|20|1
192|6|2
193|17|5
194|17|5
194|2|1
194|6|1
195|17|5
195|5|2
196|10|1
196|16|5
197|10|1
197|16|5
197|2|1
197|6|1
198|10|1
198|16|5
198|5|2
199|10|1
199|16|5
199|19|2
199|21|1
200|10|1
200|16|5
200|19|2
200|21|1
200|2|1
200|6|1
201|10|1
201|16|5
201|19|2
201|21|1
201|5|2
202|10|1
202|16|6
202|21|2
203|10|1
203|16|6
203|21|2
203|2|1
203|5|1
204|10|1
204|16|6
204|21|2
204|6|2
205|17|5
205|21|2
206|17|5
206|21|2
206|2|1
206|5|1
207|17|5
207|21|2
207|5|2
208|10|1
208|16|6
208|19|1
208|20|1
208|21|2
209|10|1
209|16|6
209|19|1
209|20|1
209|21|2
209|2|1
209|6|1
210|10|1
210|16|6
210|19|1
210|20|1
210|21|2
210|6|2
211|10|1
211|16|6
211|19|2
211|20|1
211|21|2
212|10|1
212|16|6
212|19|2
212|20|1
212|21|2
212|2|1
212|6|1
213|10|1
213|16|6
213|19|2
213|20|1
213|21|2
213|5|2
214|10|1
214|17|5
214|18|2
214|20|1
214|21|2
215|10|1
215|17|5
215|18|2
215|20|1
215|21|2
215|2|1
215|5|1
216|10|1
216|17|5
216|18|2
216|20|1
216|21|2
216|6|2
217|16|6
217|18|1
217|20|1
217|21|2
218|16|6
218|18|1
218|20|1
218|21|2
218|2|1
218|5|1
219|16|6
219|18|1
219|20|1
219|21|2
219|6|2
220|16|5
220|18|2
220|21|2
221|16|5
221|18|2
221|21|2
221|2|1
221|6|1
222|16|5
222|18|2
222|21|2
222|5|2
223|10|1
223|17|6
223|19|1
224|10|1
224|17|6
224|19|1
224|2|1
224|5|1
225|10|1
225|17|6
225|19|1
225|6|2
226|10|1
226|17|5
226|21|2
227|10|1
227|17|5
227|21|2
227|2|1
227|6|1
228|10|1
228|17|5
228|21|2
228|6|2
229|16|6
229|18|2
229|20|1
229|21|2
230|16|6
230|18|2
230|20|1
230|21|2
230|2|1
230|6|1
231|16|6
231|18|2
231|20|1
231|21|2
231|5|2
232|16|4
233|16|4
233|2|1
233|5|1
234|16|4
234|5|2
235|16|6
235|18|1
235|21|2
236|16|6
236|18|1
236|21|2
236|2|1
236|5|1
237|16|6
237|18|1
237|21|2
237|5|2
238|10|1
238|17|3
238|20|1
239|10|1
239|17|3
239|20|1
239|2|1
239|6|1
240|10|1
240|17|3
240|20|1
240|6|2
241|10|1
241|17|4
241|19|1
241|21|2
242|10|1
242|17|4
242|19|1
242|21|2
242|2|1
242|6|1
243|10|1
243|17|4
243|19|1
243|21|2
243|5|2
244|17|3
244|18|2
244|20|1
244|21|2
245|17|3
245|18|2
245|20|1
245|21|2
245|2|1
245|5|1
246|17|3
246|18|2
246|20|1
246|21|2
246|5|2
247|10|1
247|17|3
247|20|1
247|21|2
248|10|1
248|17|3
248|20|1
248|21|2
248|2|1
248|6|1
249|10|1
249|17|3
249|20|1
249|21|2
249|5|2
250|17|6
250|21|1
251|17|6
251|21|1
251|2|1
251|6|1
252|17|6
252|21|1
252|6|2
253|17|5
253|19|2
253|21|2
254|17|5
254|19|2
254|21|2
254|2|1
254|5|1
255|17|5
255|19|2
255|21|2
255|5|2
256|10|1
256|17|6
256|19|2
257|10|1
257|17|6
257|19|2
257|2|1
257|5|1
258|10|1
258|17|6
258|19|2
258|6|2
259|10|1
259|17|6
259|18|1
259|20|1
259|21|1
260|10|1
260|17|6
260|18|1
260|20|1
260|21|1
260|2|1
260|6|1
261|10|1
261|17|6
261|18|1
261|20|1
261|21|1
261|6|2
262|10|1
262|16|5
262|19|1
262|21|1
263|10|1
263|16|5
263|19|1
263|21|1
263|2|1
263|6|1
264|10|1
264|16|5
264|19|1
264|21|1
264|6|2
265|16|4
265|18|2
265|21|1
266|16|4
266|18|2
266|21|1
266|2|1
266|6|1
267|16|4
267|18|2
267|21|1
267|6|2
268|17|3
268|19|2
268|21|1
269|17|3
269|19|2
269|21|1
269|2|1
269|6|1
270|17|3
270|19|2
270|21|1
270|6|2
271|16|5
271|21|1
272|16|5
272|21|1
272|2|1
272|5|1
273|16|5
273|21|1
273|6|2
274|10|1
274|17|3
274|19|1
274|20|1
275|10|1
275|17|3
275|19|1
275|20|1
275|2|1
275|6|1
276|10|1
276|17|3
276|19|1
276|20|1
276|6|2
277|16|4
277|18|2
277|20|1
277|21|2
278|16|4
278|18|2
278|20|1
278|21|2
278|2|1
278|5|1
279|16|4
279|18|2
279|20|1
279|21|2
279|6|2
280|10|1
280|17|5
280|21|1
281|10|1
281|17|5
281|21|1
281|2|1
281|6|1
282|10|1
282|17|5
282|21|1
282|5|2
283|17|3
283|18|1
283|20|1
283|21|1
284|17|3
284|18|1
284|20|1
284|21|1
284|2|1
284|6|1
285|17|3
285|18|1
285|20|1
285|21|1
285|5|2
286|10|1
286|16|6
286|18|1
287|10|1
287|16|6
287|18|1
287|2|1
287|5|1
288|10|1
288|16|6
288|18|1
288|5|2
289|10|1
289|16|5
289|18|2
289|20|1
289|21|1
290|10|1
290|16|5
290|18|2
290|20|1
290|21|1
290|2|1
290|5|1
291|10|1
291|16|5
291|18|2
291|20|1
291|21|1
291|5|2
292|10|1
292|17|3
292|18|1
292|21|1
293|10|1
293|17|3
293|18|1
293|21|1
293|2|1
293|6|1
294|10|1
294|17|3
294|18|1
294|21|1
294|5|2
295|16|3
295|18|1
295|20|1
296|16|3
296|18|1
296|20|1
296|2|1
296|6|1
297|16|3
297|18|1
297|20|1
297|6|2
298|10|1
298|16|5
298|19|2
299|10|1
299|16|5
299|19|2
299|2|1
299|6|1
300|10|1
300|16|5
300|19|2
300|5|2
301|11|1
301|22|3
301|24|1
301|25|1
301|26|1
301|28|1
302|11|1
302|22|5
302|24|1
302|26|1
302|27|2
303|11|1
303|23|4
303|24|1
303|25|1
303|26|1
303|28|1
304|11|1
304|22|5
304|24|1
304|26|1
304|28|1
305|11|1
305|23|3
305|24|1
305|26|1
305|27|1
306|11|1
306|23|3
306|24|1
306|26|1
307|11|1
307|22|5
307|24|1
307|25|1
307|26|1
307|27|2
308|11|1
308|23|5
308|24|2
308|26|1
308|27|1
308|28|1
309|11|1
309|22|4
309|24|1
309|25|1
309|26|1
309|27|1
310|11|1
310|23|5
310|24|1
310|26|1
310|28|1
311|11|1
311|23|5
311|24|1
311|26|1
311|27|1
311|28|1
312|11|1
312|22|5
312|24|2
312|26|1
312|27|2
313|11|1
313|23|5
313|24|1
313|25|1
313|26|1
313|27|2
314|11|1
314|22|3
314|24|1
314|25|1
314|26|1
314|27|2
314|28|1
315|11|1
315|23|3
315|24|2
315|25|1
315|26|1
315|27|1
315|28|1
316|11|1
316|23|4
316|24|1
316|25|1
316|26|1
316|27|2
317|11|1
317|22|4
317|24|2
317|26|1
317|27|2
318|11|1
318|23|5
318|24|2
318|26|1
319|11|1
319|22|4
319|24|2
319|26|1
320|11|1
320|23|5
320|24|2
320|25|1
320|26|1
321|11|1
321|23|5
321|24|1
321|26|1
321|27|2
321|28|1
322|11|1
322|23|4
322|24|1
322|26|1
322|27|2
322|28|1
323|11|1
323|22|3
323|24|2
323|25|1
323|26|1
323|27|2
324|11|1
324|22|4
324|24|1
324|26|1
324|27|1
325|11|1
325|23|4
325|24|2
325|26|1
325|27|1
325|28|1
326|11|1
326|23|3
326|24|2
326|26|1
326|27|1
327|11|1
327|22|4
327|24|2
327|25|1
327|26|1
328|11|1
328|23|4
328|24|1
328|26|1
329|11|1
329|22|3
329|24|1
329|26|1
329|27|1
330|11|1
330|22|5
330|24|2
330|26|1
330|27|2
330|28|1
331|11|1
331|23|4
331|24|2
331|26|1
331|27|1
332|11|1
332|22|3
332|24|2
332|26|1
332|27|1
333|11|1
333|23|4
333|24|1
333|26|1
333|28|1
334|11|1
334|22|3
334|24|2
334|26|1
334|28|1
335|11|1
335|23|4
335|24|2
335|26|1
335|27|2
336|11|1
336|23|4
336|24|2
336|25|1
336|26|1
337|11|1
337|22|4
337|24|1
337|25|1
337|26|1
337|28|1
338|11|1
338|22|4
338|24|1
338|25|1
338|26|1
338|27|1
338|28|1
339|11|1
339|22|3
339|24|1
339|26|1
339|27|2
340|11|1
340|22|4
340|24|1
340|26|1
340|27|1
340|28|1
341|11|1
341|22|5
341|24|2
341|25|1
341|26|1
341|27|1
342|11|1
342|23|4
342|24|2
342|26|1
343|11|1
343|23|5
343|24|1
343|25|1
343|26|1
343|27|1
343|28|1
344|11|1
344|22|3
344|24|2
344|25|1
344|26|1
344|28|1
345|11|1
345|22|3
345|24|2
345|26|1
346|11|1
346|23|5
346|24|2
346|25|1
346|26|1
346|27|2
347|11|1
347|23|4
347|24|1
347|26|1
347|27|1
348|11|1
348|23|3
348|24|1
348|26|1
348|27|1
348|28|1
349|11|1
349|23|3
349|24|2
349|26|1
350|11|1
350|22|5
350|24|2
350|25|1
350|26|1
350|27|2
350|28|1
351|29|1
351|30|1
351|31|4
351|32|1
\.

