
COPY trasy_odcinki FROM STDIN DELIMITER '|';
1|0
1|1
1|2
1|3
1|4
1|5
2|6
2|7
2|8
2|9
2|10
2|11
3|12
3|13
3|14
4|15
4|16
4|17
5|18
5|19
5|20
5|21
5|5
6|6
6|22
6|23
6|24
6|25
7|6
7|26
7|27
7|28
7|29
7|30
7|31
7|32
7|33
7|34
8|35
8|36
8|37
8|38
8|39
8|40
8|41
8|42
8|43
8|5
9|6
9|22
9|23
9|44
9|45
9|46
9|47
9|48
10|49
10|50
10|51
10|52
10|53
10|20
10|21
10|5
11|6
11|26
11|27
11|28
11|54
11|55
11|56
11|57
11|58
11|59
11|60
11|61
11|62
11|63
11|64
11|65
11|66
11|67
12|68
12|69
12|70
12|71
12|72
12|73
12|74
12|75
12|76
12|77
12|78
12|79
12|80
12|81
12|41
12|42
12|43
12|5
13|6
13|7
13|8
13|9
13|82
13|83
13|84
13|85
13|86
13|87
13|88
13|89
13|90
14|91
14|92
14|93
14|94
14|95
14|96
14|97
14|98
14|99
14|2
14|3
14|4
14|5
15|100
15|101
15|102
15|103
15|104
15|105
15|106
15|107
15|108
15|109
15|110
16|111
16|112
16|113
16|114
16|115
16|116
16|117
16|118
16|119
16|120
16|121
17|100
17|122
17|123
17|124
17|125
17|126
17|127
18|128
18|129
18|130
18|131
18|132
18|133
18|121
19|134
20|135
21|136
21|137
21|138
21|139
21|140
22|141
22|142
22|143
22|144
22|145
23|146
24|147
25|148
25|149
25|150
25|151
26|152
26|153
26|154
26|155
27|156
27|157
28|158
28|159
29|6
29|26
29|27
29|28
29|29
29|30
29|31
29|32
29|33
29|34
29|160
29|161
29|162
29|163
29|164
29|165
29|166
29|167
29|168
30|169
30|170
30|171
30|172
30|173
30|174
30|175
30|176
30|177
30|35
30|36
30|37
30|38
30|39
30|40
30|41
30|42
30|43
30|5
31|178
31|179
31|180
31|181
32|182
32|183
32|184
32|185
33|88
33|89
33|90
34|91
34|92
34|93
35|100
35|101
35|102
35|103
35|104
35|105
35|106
35|107
35|108
35|109
35|110
35|186
35|187
35|188
35|189
36|190
36|191
36|192
36|193
36|111
36|112
36|113
36|114
36|115
36|116
36|117
36|118
36|119
36|120
36|121
37|194
37|195
37|196
37|25
38|18
38|197
38|198
38|199
39|200
39|201
39|202
39|203
39|88
39|89
39|90
40|91
40|92
40|93
40|204
40|205
40|206
40|207
41|160
41|161
41|162
41|163
41|164
41|165
41|166
41|167
41|168
42|169
42|170
42|171
42|172
42|173
42|174
42|175
42|176
42|177
43|158
43|159
43|208
43|209
43|210
43|211
43|212
44|213
44|214
44|215
44|216
44|217
44|156
44|157
45|12
45|13
45|14
45|218
45|219
45|220
45|221
45|222
45|223
45|224
45|225
45|226
45|227
45|228
45|229
45|230
45|231
46|232
46|233
46|234
46|235
46|236
46|237
46|238
46|239
46|240
46|241
46|242
46|243
46|244
46|245
46|15
46|16
46|17
47|100
47|246
47|247
47|248
47|249
47|250
47|251
47|252
47|253
48|254
48|255
48|256
48|257
48|258
48|259
48|260
48|261
48|121
49|152
49|153
49|154
49|155
49|262
49|263
49|264
49|265
49|266
49|267
50|268
50|269
50|270
50|271
50|272
50|273
50|148
50|149
50|150
50|151
51|186
51|187
51|188
51|189
51|274
51|275
51|276
51|277
52|278
52|279
52|280
52|281
52|190
52|191
52|192
52|193
53|282
53|283
53|284
53|285
53|286
53|287
53|288
54|289
54|290
54|291
54|292
54|293
54|294
54|295
55|296
55|297
55|298
55|299
55|300
55|301
55|302
55|303
55|304
55|305
55|306
55|307
55|308
55|309
55|310
55|311
55|312
55|313
55|314
56|315
56|316
56|317
56|318
56|319
56|320
56|321
56|322
56|323
56|324
56|325
56|326
56|327
56|328
56|329
56|330
56|331
56|332
56|333
57|334
57|335
57|336
57|337
57|338
57|339
57|340
57|145
58|136
58|341
58|342
58|343
58|344
58|345
58|346
58|347
59|274
59|275
59|276
59|277
60|278
60|279
60|280
60|281
61|348
61|349
61|350
61|351
61|64
61|65
61|66
61|67
62|68
62|69
62|70
62|71
62|352
62|353
62|354
62|355
63|356
63|357
63|358
63|359
63|360
63|361
63|362
63|363
63|364
63|365
63|366
63|367
63|368
64|369
64|370
64|371
64|372
64|373
64|374
64|375
64|376
64|377
64|378
64|379
64|380
64|381
65|200
65|201
65|382
65|383
65|384
65|385
65|386
65|387
65|388
65|389
65|390
65|391
65|392
66|393
66|394
66|395
66|396
66|397
66|398
66|399
66|400
66|401
66|402
66|403
66|206
66|207
67|404
67|405
67|52
67|406
67|407
68|408
68|409
68|45
68|410
68|411
69|6
69|26
69|27
69|28
69|54
69|55
69|56
70|79
70|80
70|81
70|41
70|42
70|43
70|5
71|12
71|13
71|14
71|218
71|412
71|222
71|413
71|414
71|415
71|416
72|417
72|418
72|419
72|420
72|241
72|421
72|245
72|15
72|16
72|17
73|391
73|392
74|393
74|394
75|6
75|7
75|8
75|9
75|82
75|83
75|84
75|85
75|86
75|87
76|94
76|95
76|96
76|97
76|98
76|99
76|2
76|3
76|4
76|5
77|422
77|423
77|45
77|46
77|47
77|48
78|49
78|50
78|51
78|52
78|424
78|425
79|426
79|109
79|110
80|111
80|112
80|427
\.

